40000050300000401
00000000000000000
00000000200000000
00000000000000000
60200050500040000
00000000000000000
00300000000000604
00000000000000000
00600030000000000
00000000000000000
20000000400040000
00000000000000000
00300000000000504

40404000005000201
00000000000000000
00400000000010000
00000000000000000
30204000404000503
00000000000000000
50404030005010000
00000000000000000
00000000006040504
00000000000000000
60600000000000000
00000000000000000
30405000204020204

40402000204000402
00000000000000000
00400000004000001
00000000000000000
40706040000000504
00000000000000000
00005000000000400
00000000000000000
00000040507020202
00000000000000000
30400000004000000
00000000000000000
10003001004000402

40203040005050004
00000000000000000
00000050006000000
00000000000000000
40400000000060004
00000000000000000
00000040004000402
00000000000000000
30406000400000000
00000000000000000
00000000004040703
00000000000000000
20003000200000403





